S17 120.200 120.201
T11 120.189 120.173 120.174 120.184 120.186 120.232
AG4 120.124 120.188 120.145
R2 120.143 145.222 145.223 145.208
Q3 120.158 120.154 120.211 145.29
K21 120.133 120.216 120.218 120.168 120.114
L3 120.151 120.141 120.112
AD-9 120.169 120.142 120.180
P16 120.149 120.171 120.129 120.170 120.113
K1 120.125 120.135 120.150
R1 120.144 120.190 145.207 145.206 145.147 145.224
O6 120.24 120.26 145.107 145.219
O4 120.27 120.28 145.106 145.136
Q4 120.227 120.252
S18 120.160 120.161 120.162 
M7 120.221 120.225
AE6 120.204 120.178 120.172 120.226
Q13 120.115 145.187 145.220  145.230 145.186 145.184 145.194 145.195  145.122 145.201
AN5 120.183 120.130
TEMP 145.71 145.72 145.73 145.74 145.75 145.76 145.77 145.78 145.79 145.80
AH12 120.202 120.163
AK10 120.220 120.132
AJ10 120.159 120.253 120.166 120.164
AM6 120.131 120.152 120.139
D6 120.193 145.173 145.174 145.175 145.176 145.177 145.178 145.179 145.180 145.181 145.182
R8 145.130 145.132 145.129 145.144 145.133 145.131
J11 145.241 145.128 145.127 145.126 145.134 145.148 145.214 145.217 145.215
AB-2 145.112 145.168 145.169 145.166 145.165
AB-3 145.167 145.110 145.111 145.113 145.114 145.115
R7 145.243 145.151 145.242 145.229 145.172 145.109 145.248
AF2 145.196 145.251 145.152 145.247
AF11 120.192 120.212 145.140 145.141 145.143 145.135 145.189 145.190 145.191 145.183 145.197
F8 120.210 145.221 145.249 145.246 145.188 145.117 145.118 145.192 145.193 145.250 145.119
AA8 145.228 145.231 145.153 145.244 145.253
AI10 145.200 145.202 145.203 145.204 145.205 145.209
AI11 145.210 145.211 145.212 145.213 145.216 145.218
AG–6/7 120.206 120.207 120.248 120.249 120.250 120.251 120.230 120.231 120.233 120.208 120.209
AL2 120.182 120.138 
AL-2/3 120.194 120.195 120.196 120.136
K12 120.185 120.245 120.244 120.246 120.214 120.247
AC-6 75.141
AC-6/7 75.157 75.151 75.152 75.153 75.154 75.155 75.156
AC-2/3 75.130 75.131 75.132 75.133
